0200	0	0200.PNG	0	0	
0201	0	0201.PNG	0	0	
0202	1	0202.PNG	0	0202_label.PNG
0203	1	0203.PNG	0	0203_label.PNG
0204	0	0204.PNG	0	0	
0205	0	0205.PNG	0	0	
0206	1	0206.PNG	0	0206_label.PNG
0207	1	0207.PNG	0	0207_label.PNG
0208	0	0208.PNG	0	0	
0209	0	0209.PNG	0	0	
0210	1	0210.PNG	0	0210_label.PNG
0211	0	0211.PNG	0	0	
0212	0	0212.PNG	0	0	
0213	0	0213.PNG	0	0	
0214	0	0214.PNG	0	0	
0215	0	0215.PNG	0	0	
0216	0	0216.PNG	0	0	
0217	0	0217.PNG	0	0	
0218	1	0218.PNG	0	0218_label.PNG
0219	0	0219.PNG	0	0	
0220	0	0220.PNG	0	0	
0221	0	0221.PNG	0	0	
0222	0	0222.PNG	0	0	
0223	0	0223.PNG	0	0	
0224	1	0224.PNG	0	0224_label.PNG
0225	0	0225.PNG	0	0	
0226	0	0226.PNG	0	0	
0227	0	0227.PNG	0	0	
0228	0	0228.PNG	0	0	
0229	0	0229.PNG	0	0	
0230	1	0230.PNG	0	0230_label.PNG
0231	0	0231.PNG	0	0	
0232	0	0232.PNG	0	0	
0233	0	0233.PNG	0	0	
0234	0	0234.PNG	0	0	
0235	0	0235.PNG	0	0	
0236	1	0236.PNG	0	0236_label.PNG
0237	0	0237.PNG	0	0	
0238	1	0238.PNG	0	0238_label.PNG
0239	0	0239.PNG	0	0	
0240	0	0240.PNG	0	0	
0241	0	0241.PNG	0	0	
0242	0	0242.PNG	0	0	
0243	0	0243.PNG	0	0	
0244	0	0244.PNG	0	0	
0245	0	0245.PNG	0	0	
0246	0	0246.PNG	0	0	
0247	0	0247.PNG	0	0	
0248	1	0248.PNG	0	0248_label.PNG
0249	0	0249.PNG	0	0	
0250	0	0250.PNG	0	0	
0251	1	0251.PNG	0	0251_label.PNG
0252	0	0252.PNG	0	0	
0253	0	0253.PNG	0	0	
0254	0	0254.PNG	0	0	
0255	0	0255.PNG	0	0	
0256	0	0256.PNG	0	0	
0257	0	0257.PNG	0	0	
0258	1	0258.PNG	0	0258_label.PNG
0259	0	0259.PNG	0	0	
0260	0	0260.PNG	0	0	
0261	0	0261.PNG	0	0	
0262	0	0262.PNG	0	0	
0263	0	0263.PNG	0	0	
0264	0	0264.PNG	0	0	
0265	0	0265.PNG	0	0	
0266	0	0266.PNG	0	0	
0267	0	0267.PNG	0	0	
0268	0	0268.PNG	0	0	
0269	0	0269.PNG	0	0	
0270	0	0270.PNG	0	0	
0271	0	0271.PNG	0	0	
0272	0	0272.PNG	0	0	
0273	0	0273.PNG	0	0	
0274	0	0274.PNG	0	0	
0275	0	0275.PNG	0	0	
0276	0	0276.PNG	0	0	
0277	0	0277.PNG	0	0	
0278	0	0278.PNG	0	0	
0279	1	0279.PNG	0	0279_label.PNG
0280	0	0280.PNG	0	0	
0281	0	0281.PNG	0	0	
0282	0	0282.PNG	0	0	
0283	0	0283.PNG	0	0	
0284	0	0284.PNG	0	0	
0285	0	0285.PNG	0	0	
0286	0	0286.PNG	0	0	
0287	0	0287.PNG	0	0	
0288	1	0288.PNG	0	0288_label.PNG
0289	0	0289.PNG	0	0	
0290	1	0290.PNG	0	0290_label.PNG
0291	0	0291.PNG	0	0	
0292	0	0292.PNG	0	0	
0293	0	0293.PNG	0	0	
0294	0	0294.PNG	0	0	
0295	1	0295.PNG	0	0295_label.PNG
0296	1	0296.PNG	0	0296_label.PNG
0297	0	0297.PNG	0	0	
0298	0	0298.PNG	0	0	
0299	0	0299.PNG	0	0	
0300	0	0300.PNG	0	0	
0301	0	0301.PNG	0	0	
0302	0	0302.PNG	0	0	
0303	0	0303.PNG	0	0	
0304	0	0304.PNG	0	0	
0305	0	0305.PNG	0	0	
0306	0	0306.PNG	0	0	
0307	0	0307.PNG	0	0	
0308	0	0308.PNG	0	0	
0309	0	0309.PNG	0	0	
0310	0	0310.PNG	0	0	
0311	0	0311.PNG	0	0	
0312	0	0312.PNG	0	0	
0313	1	0313.PNG	0	0313_label.PNG
0314	0	0314.PNG	0	0	
0315	0	0315.PNG	0	0	
0316	0	0316.PNG	0	0	
0317	0	0317.PNG	0	0	
0318	0	0318.PNG	0	0	
0319	1	0319.PNG	0	0319_label.PNG
0320	1	0320.PNG	0	0320_label.PNG
0321	0	0321.PNG	0	0	
0322	0	0322.PNG	0	0	
0323	0	0323.PNG	0	0	
0324	0	0324.PNG	0	0	
0325	0	0325.PNG	0	0	
0326	0	0326.PNG	0	0	
0327	0	0327.PNG	0	0	
0328	0	0328.PNG	0	0	
0329	0	0329.PNG	0	0	
0330	0	0330.PNG	0	0	
0331	0	0331.PNG	0	0	
0332	0	0332.PNG	0	0	
0333	0	0333.PNG	0	0	
0334	0	0334.PNG	0	0	
0335	0	0335.PNG	0	0	
0336	0	0336.PNG	0	0	
0337	0	0337.PNG	0	0	
0338	0	0338.PNG	0	0	
0339	1	0339.PNG	0	0339_label.PNG
0340	0	0340.PNG	0	0	
0341	0	0341.PNG	0	0	
0342	0	0342.PNG	0	0	
0343	0	0343.PNG	0	0	
0344	0	0344.PNG	0	0	
0345	0	0345.PNG	0	0	
0346	0	0346.PNG	0	0	
0347	0	0347.PNG	0	0	
0348	0	0348.PNG	0	0	
0349	0	0349.PNG	0	0	
0350	0	0350.PNG	0	0	
0351	0	0351.PNG	0	0	
0352	0	0352.PNG	0	0	
0353	0	0353.PNG	0	0	
0354	0	0354.PNG	0	0	
0355	0	0355.PNG	0	0	
0356	1	0356.PNG	0	0356_label.PNG
0357	0	0357.PNG	0	0	
0358	0	0358.PNG	0	0	
0359	0	0359.PNG	0	0	
0360	0	0360.PNG	0	0	
0361	0	0361.PNG	0	0	
0362	0	0362.PNG	0	0	
0363	0	0363.PNG	0	0	
0364	0	0364.PNG	0	0	
0365	0	0365.PNG	0	0	
0366	0	0366.PNG	0	0	
0367	0	0367.PNG	0	0	
0368	0	0368.PNG	0	0	
0369	1	0369.PNG	0	0369_label.PNG
0370	0	0370.PNG	0	0	
0371	0	0371.PNG	0	0	
0372	0	0372.PNG	0	0	
0373	0	0373.PNG	0	0	
0374	0	0374.PNG	0	0	
0375	0	0375.PNG	0	0	
0376	0	0376.PNG	0	0	
0377	1	0377.PNG	0	0377_label.PNG
0378	0	0378.PNG	0	0	
0379	0	0379.PNG	0	0	
0380	0	0380.PNG	0	0	
0381	0	0381.PNG	0	0	
0382	0	0382.PNG	0	0	
0383	0	0383.PNG	0	0	
0384	0	0384.PNG	0	0	
0385	0	0385.PNG	0	0	
0386	0	0386.PNG	0	0	
0387	0	0387.PNG	0	0	
0388	0	0388.PNG	0	0	
0389	0	0389.PNG	0	0	
0390	0	0390.PNG	0	0	
0391	0	0391.PNG	0	0	
0392	0	0392.PNG	0	0	
0393	0	0393.PNG	0	0	
0394	0	0394.PNG	0	0	
0395	0	0395.PNG	0	0	
0396	0	0396.PNG	0	0	
0397	1	0397.PNG	0	0397_label.PNG
0398	0	0398.PNG	0	0	
0399	0	0399.PNG	0	0	
0400	0	0400.PNG	0	0	
0401	1	0401.PNG	0	0401_label.PNG
0402	0	0402.PNG	0	0	
0403	0	0403.PNG	0	0	
0404	0	0404.PNG	0	0	
0405	0	0405.PNG	0	0	
0406	0	0406.PNG	0	0	
0407	0	0407.PNG	0	0	
0408	0	0408.PNG	0	0	
0409	0	0409.PNG	0	0	
0410	0	0410.PNG	0	0	
0411	1	0411.PNG	0	0411_label.PNG
0412	0	0412.PNG	0	0	
0413	0	0413.PNG	0	0	
0414	0	0414.PNG	0	0	
0415	0	0415.PNG	0	0	
0416	0	0416.PNG	0	0	
0417	0	0417.PNG	0	0	
0418	0	0418.PNG	0	0	
0419	0	0419.PNG	0	0	
0420	0	0420.PNG	0	0	
0421	0	0421.PNG	0	0	
0422	0	0422.PNG	0	0	
0423	1	0423.PNG	0	0423_label.PNG
0424	0	0424.PNG	0	0	
0425	0	0425.PNG	0	0	
0426	0	0426.PNG	0	0	
0427	0	0427.PNG	0	0	
0428	1	0428.PNG	0	0428_label.PNG
0429	1	0429.PNG	0	0429_label.PNG
0430	0	0430.PNG	0	0	
0431	0	0431.PNG	0	0	
0432	0	0432.PNG	0	0	
0433	0	0433.PNG	0	0	
0434	0	0434.PNG	0	0	
0435	0	0435.PNG	0	0	
0436	1	0436.PNG	0	0436_label.PNG
0437	0	0437.PNG	0	0	
0438	1	0438.PNG	0	0438_label.PNG
0439	0	0439.PNG	0	0	
0440	0	0440.PNG	0	0	
0441	0	0441.PNG	0	0	
0442	0	0442.PNG	0	0	
0443	0	0443.PNG	0	0	
0444	0	0444.PNG	0	0	
0445	0	0445.PNG	0	0	
0446	0	0446.PNG	0	0	
0447	1	0447.PNG	0	0447_label.PNG
0448	0	0448.PNG	0	0	
0449	1	0449.PNG	0	0449_label.PNG
0450	0	0450.PNG	0	0	
0451	0	0451.PNG	0	0	
0452	0	0452.PNG	0	0	
0453	0	0453.PNG	0	0	
0454	0	0454.PNG	0	0	
0455	0	0455.PNG	0	0	
0456	0	0456.PNG	0	0	
0457	0	0457.PNG	0	0	
0458	1	0458.PNG	0	0458_label.PNG
0459	0	0459.PNG	0	0	
0460	0	0460.PNG	0	0	
0461	1	0461.PNG	0	0461_label.PNG
0462	0	0462.PNG	0	0	
0463	0	0463.PNG	0	0	
0464	0	0464.PNG	0	0	
0465	0	0465.PNG	0	0	
0466	0	0466.PNG	0	0	
0467	1	0467.PNG	0	0467_label.PNG
0468	1	0468.PNG	0	0468_label.PNG
0469	0	0469.PNG	0	0	
0470	1	0470.PNG	0	0470_label.PNG
0471	0	0471.PNG	0	0	
0472	0	0472.PNG	0	0	
0473	0	0473.PNG	0	0	
0474	0	0474.PNG	0	0	
0475	1	0475.PNG	0	0475_label.PNG
0476	0	0476.PNG	0	0	
0477	0	0477.PNG	0	0	
0478	0	0478.PNG	0	0	
0479	0	0479.PNG	0	0	
0480	0	0480.PNG	0	0	
0481	0	0481.PNG	0	0	
0482	0	0482.PNG	0	0	
0483	1	0483.PNG	0	0483_label.PNG
0484	0	0484.PNG	0	0	
0485	0	0485.PNG	0	0	
0486	0	0486.PNG	0	0	
0487	0	0487.PNG	0	0	
0488	1	0488.PNG	0	0488_label.PNG
0489	0	0489.PNG	0	0	
0490	1	0490.PNG	0	0490_label.PNG
0491	0	0491.PNG	0	0	
0492	0	0492.PNG	0	0	
0493	0	0493.PNG	0	0	
0494	0	0494.PNG	0	0	
0495	0	0495.PNG	0	0	
0496	0	0496.PNG	0	0	
0497	0	0497.PNG	0	0	
0498	0	0498.PNG	0	0	
0499	0	0499.PNG	0	0	
0500	0	0500.PNG	0	0	
0501	0	0501.PNG	0	0	
0502	0	0502.PNG	0	0	
0503	1	0503.PNG	0	0503_label.PNG
0504	0	0504.PNG	0	0	
0505	0	0505.PNG	0	0	
0506	0	0506.PNG	0	0	
0507	0	0507.PNG	0	0	
0508	0	0508.PNG	0	0	
0509	0	0509.PNG	0	0	
0510	0	0510.PNG	0	0	
0511	0	0511.PNG	0	0	
0512	0	0512.PNG	0	0	
0513	0	0513.PNG	0	0	
0514	1	0514.PNG	0	0514_label.PNG
0515	1	0515.PNG	0	0515_label.PNG
0516	0	0516.PNG	0	0	
0517	0	0517.PNG	0	0	
0518	0	0518.PNG	0	0	
0519	1	0519.PNG	0	0519_label.PNG
0520	0	0520.PNG	0	0	
0521	0	0521.PNG	0	0	
0522	0	0522.PNG	0	0	
0523	0	0523.PNG	0	0	
0524	0	0524.PNG	0	0	
0525	0	0525.PNG	0	0	
0526	0	0526.PNG	0	0	
0527	0	0527.PNG	0	0	
0528	0	0528.PNG	0	0	
0529	1	0529.PNG	0	0529_label.PNG
0530	0	0530.PNG	0	0	
0531	0	0531.PNG	0	0	
0532	0	0532.PNG	0	0	
0533	0	0533.PNG	0	0	
0534	0	0534.PNG	0	0	
0535	0	0535.PNG	0	0	
0536	0	0536.PNG	0	0	
0537	0	0537.PNG	0	0	
0538	1	0538.PNG	0	0538_label.PNG
0539	0	0539.PNG	0	0	
0540	0	0540.PNG	0	0	
0541	0	0541.PNG	0	0	
0542	0	0542.PNG	0	0	
0543	0	0543.PNG	0	0	
0544	0	0544.PNG	0	0	
0545	0	0545.PNG	0	0	
0546	0	0546.PNG	0	0	
0547	0	0547.PNG	0	0	
0548	0	0548.PNG	0	0	
0549	0	0549.PNG	0	0	
0550	0	0550.PNG	0	0	
0551	0	0551.PNG	0	0	
0552	0	0552.PNG	0	0	
0553	0	0553.PNG	0	0	
0554	0	0554.PNG	0	0	
0555	0	0555.PNG	0	0	
0556	0	0556.PNG	0	0	
0557	0	0557.PNG	0	0	
0558	0	0558.PNG	0	0	
0559	0	0559.PNG	0	0	
0560	0	0560.PNG	0	0	
0561	0	0561.PNG	0	0	
0562	0	0562.PNG	0	0	
0563	0	0563.PNG	0	0	
0564	0	0564.PNG	0	0	
0565	0	0565.PNG	0	0	
0566	0	0566.PNG	0	0	
0567	0	0567.PNG	0	0	
0568	0	0568.PNG	0	0	
0569	0	0569.PNG	0	0	
0570	0	0570.PNG	0	0	
0571	0	0571.PNG	0	0	
0572	0	0572.PNG	0	0	
0573	0	0573.PNG	0	0	
0574	1	0574.PNG	0	0574_label.PNG
0575	1	0575.PNG	0	0575_label.PNG
0576	1	0576.PNG	0	0576_label.PNG
0577	0	0577.PNG	0	0	
0578	1	0578.PNG	0	0578_label.PNG
0579	1	0579.PNG	0	0579_label.PNG
0580	1	0580.PNG	0	0580_label.PNG
0581	0	0581.PNG	0	0	
0582	0	0582.PNG	0	0	
0583	0	0583.PNG	0	0	
0584	0	0584.PNG	0	0	
0585	0	0585.PNG	0	0	
0586	0	0586.PNG	0	0	
0587	0	0587.PNG	0	0	
0588	1	0588.PNG	0	0588_label.PNG
0589	0	0589.PNG	0	0	
0590	0	0590.PNG	0	0	
0591	0	0591.PNG	0	0	
0592	0	0592.PNG	0	0	
0593	0	0593.PNG	0	0	
0594	0	0594.PNG	0	0	
0595	0	0595.PNG	0	0	
0596	1	0596.PNG	0	0596_label.PNG
0597	0	0597.PNG	0	0	
0598	0	0598.PNG	0	0	
0599	0	0599.PNG	0	0	
0600	0	0600.PNG	0	0	
0601	0	0601.PNG	0	0	
0602	0	0602.PNG	0	0	
0603	0	0603.PNG	0	0	
0604	0	0604.PNG	0	0	
0605	0	0605.PNG	0	0	
0606	0	0606.PNG	0	0	
0607	0	0607.PNG	0	0	
0608	0	0608.PNG	0	0	
0609	0	0609.PNG	0	0	
0610	0	0610.PNG	0	0	
0611	0	0611.PNG	0	0	
0612	0	0612.PNG	0	0	
0613	0	0613.PNG	0	0	
0614	0	0614.PNG	0	0	
0615	0	0615.PNG	0	0	
0616	0	0616.PNG	0	0	
0617	0	0617.PNG	0	0	
0618	0	0618.PNG	0	0	
0619	0	0619.PNG	0	0	
0620	1	0620.PNG	0	0620_label.PNG
0621	0	0621.PNG	0	0	
0622	0	0622.PNG	0	0	
0623	0	0623.PNG	0	0	
0624	1	0624.PNG	0	0624_label.PNG
0625	0	0625.PNG	0	0	
0626	0	0626.PNG	0	0	
0627	0	0627.PNG	0	0	
0628	0	0628.PNG	0	0	
0629	0	0629.PNG	0	0	
0630	0	0630.PNG	0	0	
0631	0	0631.PNG	0	0	
0632	1	0632.PNG	0	0632_label.PNG
0633	0	0633.PNG	0	0	
0634	0	0634.PNG	0	0	
0635	1	0635.PNG	0	0635_label.PNG
0636	1	0636.PNG	0	0636_label.PNG
0637	0	0637.PNG	0	0	
0638	0	0638.PNG	0	0	
0639	0	0639.PNG	0	0	
0640	0	0640.PNG	0	0	
0641	0	0641.PNG	0	0	
0642	0	0642.PNG	0	0	
0643	0	0643.PNG	0	0	
0644	0	0644.PNG	0	0	
0645	0	0645.PNG	0	0	
0646	0	0646.PNG	0	0	
0647	1	0647.PNG	0	0647_label.PNG
0648	0	0648.PNG	0	0	
0649	1	0649.PNG	0	0649_label.PNG
0650	0	0650.PNG	0	0	
0651	0	0651.PNG	0	0	
0652	0	0652.PNG	0	0	
0653	0	0653.PNG	0	0	
0654	0	0654.PNG	0	0	
0655	0	0655.PNG	0	0	
0656	0	0656.PNG	0	0	
0657	0	0657.PNG	0	0	
0658	0	0658.PNG	0	0	
0659	0	0659.PNG	0	0	
0660	0	0660.PNG	0	0	
0661	0	0661.PNG	0	0	
0662	0	0662.PNG	0	0	
0663	1	0663.PNG	0	0663_label.PNG
0664	0	0664.PNG	0	0	
0665	1	0665.PNG	0	0665_label.PNG
0666	0	0666.PNG	0	0	
0667	0	0667.PNG	0	0	
0668	0	0668.PNG	0	0	
0669	0	0669.PNG	0	0	
0670	0	0670.PNG	0	0	
0671	0	0671.PNG	0	0	
0672	0	0672.PNG	0	0	
0673	0	0673.PNG	0	0	
0674	0	0674.PNG	0	0	
0675	0	0675.PNG	0	0	
0676	0	0676.PNG	0	0	
0677	0	0677.PNG	0	0	
0678	0	0678.PNG	0	0	
0679	0	0679.PNG	0	0	
0680	0	0680.PNG	0	0	
0681	0	0681.PNG	0	0	
0682	0	0682.PNG	0	0	
0683	0	0683.PNG	0	0	
0684	0	0684.PNG	0	0	
0685	1	0685.PNG	0	0685_label.PNG
0686	0	0686.PNG	0	0	
0687	0	0687.PNG	0	0	
0688	0	0688.PNG	0	0	
0689	0	0689.PNG	0	0	
0690	0	0690.PNG	0	0	
0691	0	0691.PNG	0	0	
0692	0	0692.PNG	0	0	
0693	0	0693.PNG	0	0	
0694	0	0694.PNG	0	0	
0695	0	0695.PNG	0	0	
0696	0	0696.PNG	0	0	
0697	0	0697.PNG	0	0	
0698	0	0698.PNG	0	0	
0699	0	0699.PNG	0	0	
0700	0	0700.PNG	0	0	
0701	0	0701.PNG	0	0	
0702	0	0702.PNG	0	0	
0703	0	0703.PNG	0	0	
0704	0	0704.PNG	0	0	
0705	1	0705.PNG	0	0705_label.PNG
0706	1	0706.PNG	0	0706_label.PNG
0707	0	0707.PNG	0	0	
0708	0	0708.PNG	0	0	
0709	0	0709.PNG	0	0	
0710	0	0710.PNG	0	0	
0711	0	0711.PNG	0	0	
0712	0	0712.PNG	0	0	
0713	0	0713.PNG	0	0	
0714	0	0714.PNG	0	0	
0715	0	0715.PNG	0	0	
0716	1	0716.PNG	0	0716_label.PNG
0717	0	0717.PNG	0	0	
0718	0	0718.PNG	0	0	
0719	0	0719.PNG	0	0	
0720	0	0720.PNG	0	0	
0721	0	0721.PNG	0	0	
0722	0	0722.PNG	0	0	
0723	0	0723.PNG	0	0	
0724	0	0724.PNG	0	0	
0725	0	0725.PNG	0	0	
0726	0	0726.PNG	0	0	
0727	0	0727.PNG	0	0	
0728	0	0728.PNG	0	0	
0729	0	0729.PNG	0	0	
0730	0	0730.PNG	0	0	
0731	0	0731.PNG	0	0	
0732	0	0732.PNG	0	0	
0733	0	0733.PNG	0	0	
0734	0	0734.PNG	0	0	
0735	0	0735.PNG	0	0	
0736	0	0736.PNG	0	0	
0737	0	0737.PNG	0	0	
0738	0	0738.PNG	0	0	
0739	0	0739.PNG	0	0	
0740	0	0740.PNG	0	0	
0741	0	0741.PNG	0	0	
0742	0	0742.PNG	0	0	
0743	0	0743.PNG	0	0	
0744	0	0744.PNG	0	0	
0745	0	0745.PNG	0	0	
0746	1	0746.PNG	0	0746_label.PNG
0747	0	0747.PNG	0	0	
0748	0	0748.PNG	0	0	
0749	0	0749.PNG	0	0	
0750	0	0750.PNG	0	0	
0751	0	0751.PNG	0	0	
0752	1	0752.PNG	0	0752_label.PNG
0753	0	0753.PNG	0	0	
0754	0	0754.PNG	0	0	
0755	0	0755.PNG	0	0	
0756	0	0756.PNG	0	0	
0757	1	0757.PNG	0	0757_label.PNG
0758	0	0758.PNG	0	0	
0759	0	0759.PNG	0	0	
0760	0	0760.PNG	0	0	
0761	0	0761.PNG	0	0	
0762	0	0762.PNG	0	0	
0763	0	0763.PNG	0	0	
0764	0	0764.PNG	0	0	
0765	1	0765.PNG	0	0765_label.PNG
0766	0	0766.PNG	0	0	
0767	0	0767.PNG	0	0	
0768	0	0768.PNG	0	0	
0769	1	0769.PNG	0	0769_label.PNG
0770	0	0770.PNG	0	0	
0771	0	0771.PNG	0	0	
0772	0	0772.PNG	0	0	
0773	1	0773.PNG	0	0773_label.PNG
0774	0	0774.PNG	0	0	
0775	0	0775.PNG	0	0	
0776	0	0776.PNG	0	0	
0777	0	0777.PNG	0	0	
0778	1	0778.PNG	0	0778_label.PNG
0779	0	0779.PNG	0	0	
0780	0	0780.PNG	0	0	
0781	0	0781.PNG	0	0	
0782	0	0782.PNG	0	0	
0783	0	0783.PNG	0	0	
0784	1	0784.PNG	0	0784_label.PNG
0785	1	0785.PNG	0	0785_label.PNG
0786	1	0786.PNG	0	0786_label.PNG
0787	0	0787.PNG	0	0	
0788	0	0788.PNG	0	0	
0789	0	0789.PNG	0	0	
0790	0	0790.PNG	0	0	
0791	0	0791.PNG	0	0	
0792	0	0792.PNG	0	0	
0793	0	0793.PNG	0	0	
0794	0	0794.PNG	0	0	
0795	0	0795.PNG	0	0	
0796	1	0796.PNG	0	0796_label.PNG
0797	0	0797.PNG	0	0	
0798	0	0798.PNG	0	0	
0799	0	0799.PNG	0	0	
0800	0	0800.PNG	0	0	
0801	0	0801.PNG	0	0	
0802	0	0802.PNG	0	0	
0803	0	0803.PNG	0	0	
0804	0	0804.PNG	0	0	
0805	0	0805.PNG	0	0	
0806	0	0806.PNG	0	0	
0807	1	0807.PNG	0	0807_label.PNG
0808	0	0808.PNG	0	0	
0809	0	0809.PNG	0	0	
0810	0	0810.PNG	0	0	
0811	0	0811.PNG	0	0	
0812	1	0812.PNG	0	0812_label.PNG
0813	0	0813.PNG	0	0	
0814	0	0814.PNG	0	0	
0815	1	0815.PNG	0	0815_label.PNG
0816	0	0816.PNG	0	0	
0817	0	0817.PNG	0	0	
0818	0	0818.PNG	0	0	
0819	0	0819.PNG	0	0	
0820	1	0820.PNG	0	0820_label.PNG
0821	0	0821.PNG	0	0	
0822	1	0822.PNG	0	0822_label.PNG
0823	0	0823.PNG	0	0	
0824	1	0824.PNG	0	0824_label.PNG
0825	0	0825.PNG	0	0	
0826	0	0826.PNG	0	0	
0827	0	0827.PNG	0	0	
0828	0	0828.PNG	0	0	
0829	0	0829.PNG	0	0	
0830	0	0830.PNG	0	0	
0831	0	0831.PNG	0	0	
0832	0	0832.PNG	0	0	
0833	0	0833.PNG	0	0	
0834	0	0834.PNG	0	0	
0835	0	0835.PNG	0	0	
0836	0	0836.PNG	0	0	
0837	0	0837.PNG	0	0	
0838	0	0838.PNG	0	0	
0839	0	0839.PNG	0	0	
0840	0	0840.PNG	0	0	
0841	1	0841.PNG	0	0841_label.PNG
0842	0	0842.PNG	0	0	
0843	0	0843.PNG	0	0	
0844	0	0844.PNG	0	0	
0845	0	0845.PNG	0	0	
0846	0	0846.PNG	0	0	
0847	0	0847.PNG	0	0	
0848	0	0848.PNG	0	0	
0849	0	0849.PNG	0	0	
0850	1	0850.PNG	0	0850_label.PNG
0851	0	0851.PNG	0	0	
0852	0	0852.PNG	0	0	
0853	0	0853.PNG	0	0	
0854	0	0854.PNG	0	0	
0855	0	0855.PNG	0	0	
0856	1	0856.PNG	0	0856_label.PNG
0857	0	0857.PNG	0	0	
0858	0	0858.PNG	0	0	
0859	0	0859.PNG	0	0	
0860	0	0860.PNG	0	0	
0861	1	0861.PNG	0	0861_label.PNG
0862	0	0862.PNG	0	0	
0863	0	0863.PNG	0	0	
0864	0	0864.PNG	0	0	
0865	0	0865.PNG	0	0	
0866	1	0866.PNG	0	0866_label.PNG
0867	0	0867.PNG	0	0	
0868	0	0868.PNG	0	0	
0869	0	0869.PNG	0	0	
0870	0	0870.PNG	0	0	
0871	1	0871.PNG	0	0871_label.PNG
0872	0	0872.PNG	0	0	
0873	0	0873.PNG	0	0	
0874	0	0874.PNG	0	0	
0875	1	0875.PNG	0	0875_label.PNG
0876	0	0876.PNG	0	0	
0877	0	0877.PNG	0	0	
0878	1	0878.PNG	0	0878_label.PNG
0879	0	0879.PNG	0	0	
0880	0	0880.PNG	0	0	
0881	0	0881.PNG	0	0	
0882	0	0882.PNG	0	0	
0883	0	0883.PNG	0	0	
0884	0	0884.PNG	0	0	
0885	0	0885.PNG	0	0	
0886	1	0886.PNG	0	0886_label.PNG
0887	0	0887.PNG	0	0	
0888	0	0888.PNG	0	0	
0889	0	0889.PNG	0	0	
0890	0	0890.PNG	0	0	
0891	0	0891.PNG	0	0	
0892	0	0892.PNG	0	0	
0893	1	0893.PNG	0	0893_label.PNG
0894	0	0894.PNG	0	0	
0895	1	0895.PNG	0	0895_label.PNG
0896	0	0896.PNG	0	0	
0897	0	0897.PNG	0	0	
0898	0	0898.PNG	0	0	
0899	0	0899.PNG	0	0	
0900	0	0900.PNG	0	0	
0901	0	0901.PNG	0	0	
0902	0	0902.PNG	0	0	
0903	1	0903.PNG	0	0903_label.PNG
0904	0	0904.PNG	0	0	
0905	1	0905.PNG	0	0905_label.PNG
0906	0	0906.PNG	0	0	
0907	1	0907.PNG	0	0907_label.PNG
0908	0	0908.PNG	0	0	
0909	0	0909.PNG	0	0	
0910	0	0910.PNG	0	0	
0911	0	0911.PNG	0	0	
0912	0	0912.PNG	0	0	
0913	0	0913.PNG	0	0	
0914	0	0914.PNG	0	0	
0915	0	0915.PNG	0	0	
0916	0	0916.PNG	0	0	
0917	0	0917.PNG	0	0	
0918	0	0918.PNG	0	0	
0919	0	0919.PNG	0	0	
0920	0	0920.PNG	0	0	
0921	0	0921.PNG	0	0	
0922	0	0922.PNG	0	0	
0923	0	0923.PNG	0	0	
0924	0	0924.PNG	0	0	
0925	0	0925.PNG	0	0	
0926	0	0926.PNG	0	0	
0927	0	0927.PNG	0	0	
0928	0	0928.PNG	0	0	
0929	0	0929.PNG	0	0	
0930	0	0930.PNG	0	0	
0931	0	0931.PNG	0	0	
0932	0	0932.PNG	0	0	
0933	1	0933.PNG	0	0933_label.PNG
0934	1	0934.PNG	0	0934_label.PNG
0935	0	0935.PNG	0	0	
0936	0	0936.PNG	0	0	
0937	0	0937.PNG	0	0	
0938	0	0938.PNG	0	0	
0939	0	0939.PNG	0	0	
0940	0	0940.PNG	0	0	
0941	0	0941.PNG	0	0	
0942	0	0942.PNG	0	0	
0943	0	0943.PNG	0	0	
0944	0	0944.PNG	0	0	
0945	0	0945.PNG	0	0	
0946	0	0946.PNG	0	0	
0947	0	0947.PNG	0	0	
0948	0	0948.PNG	0	0	
0949	0	0949.PNG	0	0	
0950	0	0950.PNG	0	0	
0951	0	0951.PNG	0	0	
0952	0	0952.PNG	0	0	
0953	0	0953.PNG	0	0	
0954	0	0954.PNG	0	0	
0955	1	0955.PNG	0	0955_label.PNG
0956	0	0956.PNG	0	0	
0957	0	0957.PNG	0	0	
0958	0	0958.PNG	0	0	
0959	1	0959.PNG	0	0959_label.PNG
0960	0	0960.PNG	0	0	
0961	0	0961.PNG	0	0	
0962	0	0962.PNG	0	0	
0963	0	0963.PNG	0	0	
0964	0	0964.PNG	0	0	
0965	0	0965.PNG	0	0	
0966	1	0966.PNG	0	0966_label.PNG
0967	0	0967.PNG	0	0	
0968	0	0968.PNG	0	0	
0969	0	0969.PNG	0	0	
0970	0	0970.PNG	0	0	
0971	0	0971.PNG	0	0	
0972	0	0972.PNG	0	0	
0973	0	0973.PNG	0	0	
0974	0	0974.PNG	0	0	
0975	1	0975.PNG	0	0975_label.PNG
0976	1	0976.PNG	0	0976_label.PNG
0977	0	0977.PNG	0	0	
0978	0	0978.PNG	0	0	
0979	0	0979.PNG	0	0	
0980	0	0980.PNG	0	0	
0981	0	0981.PNG	0	0	
0982	0	0982.PNG	0	0	
0983	0	0983.PNG	0	0	
0984	0	0984.PNG	0	0	
0985	0	0985.PNG	0	0	
0986	0	0986.PNG	0	0	
0987	0	0987.PNG	0	0	
0988	1	0988.PNG	0	0988_label.PNG
0989	1	0989.PNG	0	0989_label.PNG
0990	0	0990.PNG	0	0	
0991	0	0991.PNG	0	0	
0992	0	0992.PNG	0	0	
0993	0	0993.PNG	0	0	
0994	0	0994.PNG	0	0	
0995	0	0995.PNG	0	0	
0996	0	0996.PNG	0	0	
0997	0	0997.PNG	0	0	
0998	1	0998.PNG	0	0998_label.PNG
0999	0	0999.PNG	0	0	
1000	0	1000.PNG	0	0	
1001	0	1001.PNG	0	0	
1002	0	1002.PNG	0	0	
1003	0	1003.PNG	0	0	
1004	0	1004.PNG	0	0	
1005	0	1005.PNG	0	0	
1006	1	1006.PNG	0	1006_label.PNG
1007	0	1007.PNG	0	0	
1008	0	1008.PNG	0	0	
1009	0	1009.PNG	0	0	
1010	1	1010.PNG	0	1010_label.PNG
1011	0	1011.PNG	0	0	
1012	0	1012.PNG	0	0	
1013	0	1013.PNG	0	0	
1014	0	1014.PNG	0	0	
1015	0	1015.PNG	0	0	
1016	0	1016.PNG	0	0	
1017	0	1017.PNG	0	0	
1018	0	1018.PNG	0	0	
1019	0	1019.PNG	0	0	
1020	0	1020.PNG	0	0	
1021	0	1021.PNG	0	0	
1022	0	1022.PNG	0	0	
1023	0	1023.PNG	0	0	
1024	0	1024.PNG	0	0	
1025	0	1025.PNG	0	0	
1026	0	1026.PNG	0	0	
1027	0	1027.PNG	0	0	
1028	0	1028.PNG	0	0	
1029	0	1029.PNG	0	0	
1030	0	1030.PNG	0	0	
1031	0	1031.PNG	0	0	
1032	0	1032.PNG	0	0	
1033	0	1033.PNG	0	0	
1034	0	1034.PNG	0	0	
1035	0	1035.PNG	0	0	
1036	0	1036.PNG	0	0	
1037	0	1037.PNG	0	0	
1038	0	1038.PNG	0	0	
1039	1	1039.PNG	0	1039_label.PNG
1040	0	1040.PNG	0	0	
1041	0	1041.PNG	0	0	
1042	1	1042.PNG	0	1042_label.PNG
1043	0	1043.PNG	0	0	
1044	0	1044.PNG	0	0	
1045	0	1045.PNG	0	0	
1046	1	1046.PNG	0	1046_label.PNG
1047	0	1047.PNG	0	0	
1048	0	1048.PNG	0	0	
1049	0	1049.PNG	0	0	
1050	0	1050.PNG	0	0	
1051	0	1051.PNG	0	0	
1052	0	1052.PNG	0	0	
1053	0	1053.PNG	0	0	
1054	0	1054.PNG	0	0	
1055	0	1055.PNG	0	0	
1056	0	1056.PNG	0	0	
1057	0	1057.PNG	0	0	
1058	0	1058.PNG	0	0	
1059	1	1059.PNG	0	1059_label.PNG
1060	0	1060.PNG	0	0	
1061	0	1061.PNG	0	0	
1062	0	1062.PNG	0	0	
1063	0	1063.PNG	0	0	
1064	0	1064.PNG	0	0	
1065	0	1065.PNG	0	0	
1066	0	1066.PNG	0	0	
1067	0	1067.PNG	0	0	
1068	0	1068.PNG	0	0	
1069	0	1069.PNG	0	0	
1070	0	1070.PNG	0	0	
1071	0	1071.PNG	0	0	
1072	0	1072.PNG	0	0	
1073	0	1073.PNG	0	0	
1074	0	1074.PNG	0	0	
1075	0	1075.PNG	0	0	
1076	0	1076.PNG	0	0	
1077	0	1077.PNG	0	0	
1078	0	1078.PNG	0	0	
1079	0	1079.PNG	0	0	
1080	0	1080.PNG	0	0	
1081	0	1081.PNG	0	0	
1082	0	1082.PNG	0	0	
1083	0	1083.PNG	0	0	
1084	0	1084.PNG	0	0	
1085	0	1085.PNG	0	0	
1086	0	1086.PNG	0	0	
1087	0	1087.PNG	0	0	
1088	0	1088.PNG	0	0	
1089	0	1089.PNG	0	0	
1090	0	1090.PNG	0	0	
1091	0	1091.PNG	0	0	
1092	0	1092.PNG	0	0	
1093	0	1093.PNG	0	0	
1094	0	1094.PNG	0	0	
1095	0	1095.PNG	0	0	
1096	0	1096.PNG	0	0	
1097	0	1097.PNG	0	0	
1098	0	1098.PNG	0	0	
1099	0	1099.PNG	0	0	
1100	0	1100.PNG	0	0	
1101	0	1101.PNG	0	0	
1102	0	1102.PNG	0	0	
1103	0	1103.PNG	0	0	
1104	0	1104.PNG	0	0	
1105	0	1105.PNG	0	0	
1106	0	1106.PNG	0	0	
1107	0	1107.PNG	0	0	
1108	0	1108.PNG	0	0	
1109	0	1109.PNG	0	0	
1110	0	1110.PNG	0	0	
1111	0	1111.PNG	0	0	
1112	0	1112.PNG	0	0	
1113	0	1113.PNG	0	0	
1114	0	1114.PNG	0	0	
1115	0	1115.PNG	0	0	
1116	0	1116.PNG	0	0	
1117	0	1117.PNG	0	0	
1118	0	1118.PNG	0	0	
1119	0	1119.PNG	0	0	
1120	0	1120.PNG	0	0	
1121	0	1121.PNG	0	0	
1122	0	1122.PNG	0	0	
1123	0	1123.PNG	0	0	
1124	0	1124.PNG	0	0	
1125	0	1125.PNG	0	0	
1126	0	1126.PNG	0	0	
1127	0	1127.PNG	0	0	
1128	0	1128.PNG	0	0	
1129	0	1129.PNG	0	0	
1130	0	1130.PNG	0	0	
1131	0	1131.PNG	0	0	
1132	0	1132.PNG	0	0	
1133	0	1133.PNG	0	0	
1134	0	1134.PNG	0	0	
1135	0	1135.PNG	0	0	
1136	0	1136.PNG	0	0	
1137	0	1137.PNG	0	0	
1138	0	1138.PNG	0	0	
1139	0	1139.PNG	0	0	
1140	0	1140.PNG	0	0	
1141	0	1141.PNG	0	0	
1142	0	1142.PNG	0	0	
1143	0	1143.PNG	0	0	
1144	0	1144.PNG	0	0	
1145	0	1145.PNG	0	0	
1146	0	1146.PNG	0	0	
1147	0	1147.PNG	0	0	
1148	0	1148.PNG	0	0	
1149	0	1149.PNG	0	0	
1150	0	1150.PNG	0	0	
